 NUMBER OF MATRICES=   5
               ROWS=   3
            COLUMNS=   4
 ****************************************************
  MATRIX  1
   1.00    2.00    3.50    4.00
   2.60    4.60    2.50    9.50
   3.60    4.80    2.50    5.60
 ****************************************************
  MATRIX  2
   2.60    4.60    2.50    9.50
   3.60    4.80    2.50    5.60
   1.00    2.00    3.50    4.00
 ****************************************************
  MATRIX  3
   3.00    6.60    6.00   13.50
   6.20    9.40    5.00   15.10
   4.60    6.80    6.00    9.60
 ****************************************************
  MATRIX  4
   4.80    2.50    5.60    1.00
   1.00    2.70    9.40    3.40
   6.20    9.40    5.00   15.10
 ****************************************************
  MATRIX  5
   5.00    6.00    7.00    8.00
   5.60    1.00    2.70    9.40
   3.60    4.80    2.50    5.60
 ****************************************************
 SUM OF ALL  5 MATRICES
  16.40   21.70   24.60   36.00
  19.00   22.50   22.10   43.00
  19.00   27.80   19.50   39.90
